# generated by PrusaSlicer 2.0.0+linux64 on 2019-06-02 at 21:16:03
bed_shape = 89.507x9.40756,88.0333x18.7121,85.5951x27.8115,82.2191x36.6063,77.9423x45,72.8115x52.9007,66.883x60.2218,60.2218x66.883,52.9007x72.8115,45x77.9423,36.6063x82.2191,27.8115x85.5951,18.7121x88.0333,9.40756x89.507,2.54949e-14x90,-9.40756x89.507,-18.7121x88.0333,-27.8115x85.5951,-36.6063x82.2191,-45x77.9423,-52.9007x72.8115,-60.2218x66.883,-66.883x60.2218,-72.8115x52.9007,-77.9423x45,-82.2191x36.6063,-85.5951x27.8115,-88.0333x18.7121,-89.507x9.40756,-90x5.09899e-14,-89.507x-9.40756,-88.0333x-18.7121,-85.5951x-27.8115,-82.2191x-36.6063,-77.9423x-45,-72.8115x-52.9007,-66.883x-60.2218,-60.2218x-66.883,-52.9007x-72.8115,-45x-77.9423,-36.6063x-82.2191,-27.8115x-85.5951,-18.7121x-88.0333,-9.40756x-89.507,-1.65327e-14x-90,9.40756x-89.507,18.7121x-88.0333,27.8115x-85.5951,36.6063x-82.2191,45x-77.9423,52.9007x-72.8115,60.2218x-66.883,66.883x-60.2218,72.8115x-52.9007,77.9423x-45,82.2191x-36.6063,85.5951x-27.8115,88.0333x-18.7121,89.507x-9.40756,90x-1.0198e-13
before_layer_gcode = 
between_objects_gcode = 
cooling_tube_length = 5
cooling_tube_retraction = 91.5
default_filament_profile = 
default_print_profile = 
deretract_speed = 0
end_gcode = G1 E-50 F1800 ; retract filament\nM104 S0 ; turn off temperature\nG28 ; home all axes\nM84     ; disable motors\n
extra_loading_move = -2
extruder_colour = #505050
extruder_offset = 0x0
gcode_flavor = marlin
high_current_on_filament_swap = 0
host_type = octoprint
inherits = 
layer_gcode = 
machine_max_acceleration_e = 10000,5000
machine_max_acceleration_extruding = 1500,1250
machine_max_acceleration_retracting = 1500,1250
machine_max_acceleration_x = 9000,1000
machine_max_acceleration_y = 9000,1000
machine_max_acceleration_z = 500,200
machine_max_feedrate_e = 120,120
machine_max_feedrate_x = 500,200
machine_max_feedrate_y = 500,200
machine_max_feedrate_z = 12,12
machine_max_jerk_e = 2.5,2.5
machine_max_jerk_x = 10,10
machine_max_jerk_y = 10,10
machine_max_jerk_z = 0.2,0.4
machine_min_extruding_rate = 0,0
machine_min_travel_rate = 0,0
max_layer_height = 0
max_print_height = 280
min_layer_height = 0.07
nozzle_diameter = 0.5
parking_pos_retraction = 92
print_host = 192.168.0.30:5000
printer_model = 
printer_notes = 
printer_settings_id = 
printer_technology = FFF
printer_variant = 
printer_vendor = 
printhost_apikey = 1672AEC641D3463EB908F5BB0133B854
printhost_cafile = 
remaining_times = 0
retract_before_travel = 2
retract_before_wipe = 0%
retract_layer_change = 0
retract_length = 4
retract_length_toolchange = 10
retract_lift = 0
retract_lift_above = 0
retract_lift_below = 0
retract_restart_extra = 0
retract_restart_extra_toolchange = 0
retract_speed = 60
serial_port = /dev/ttyUSB0
serial_speed = 250000
silent_mode = 1
single_extruder_multi_material = 0
start_gcode = G28 ; home all axes\n;G1 X100 Y100 Z5 F5000 ; lift nozzle on side\n
toolchange_gcode = 
use_firmware_retraction = 0
use_relative_e_distances = 0
use_volumetric_e = 0
variable_layer_height = 1
wipe = 0
z_offset = 0
